date,close
2019-01-02,1.1199
2019-01-03,1.1121
2019-01-04,1.1227
2019-01-07,1.1263
2019-01-08,1.1255
2019-01-09,1.1302
2019-01-10,1.1296
2019-01-11,1.1281
2019-01-14,1.1254
2019-01-15,1.1338
2019-01-16,1.1375
2019-01-17,1.1384
2019-01-18,1.147
2019-01-21,1.1552
2019-01-22,1.1468
2019-01-23,1.1468
2019-01-24,1.1518
2019-01-25,1.1592
2019-01-28,1.1652
2019-01-29,1.1617
2019-01-30,1.1593
2019-01-31,1.158
2019-02-01,1.17
2019-02-11,1.1796
2019-02-12,1.1805
2019-02-13,1.186
2019-02-14,1.1891
2019-02-15,1.1817
2019-02-18,1.1987
2019-02-19,1.1928
2019-02-20,1.1918
2019-02-21,1.1915
2019-02-22,1.1961
2019-02-25,1.2166
2019-02-26,1.2066
2019-02-27,1.2008
2019-02-28,1.2082
2019-03-01,1.2147
2019-03-04,1.2278
2019-03-05,1.231
2019-03-06,1.2316
2019-03-07,1.2243
2019-03-08,1.2098
2019-03-11,1.2301
2019-03-12,1.2387
2019-03-13,1.2339
2019-03-14,1.2248
2019-03-15,1.2408
2019-03-18,1.2627
2019-03-19,1.258
2019-03-20,1.2619
2019-03-21,1.2646
2019-03-22,1.2671
2019-03-25,1.2559
2019-03-26,1.2524
2019-03-27,1.2648
2019-03-28,1.2593
2019-03-29,1.2754
2019-04-01,1.2873
2019-04-02,1.2801
2019-04-03,1.2798
2019-04-04,1.281
2019-04-08,1.2666
2019-04-09,1.2655
2019-04-10,1.2708
2019-04-11,1.2533
2019-04-12,1.2483
2019-04-15,1.2392
2019-04-16,1.2456
2019-04-17,1.2516
2019-04-18,1.2542
2019-04-19,1.2557
2019-04-22,1.2509
2019-04-23,1.2557
2019-04-24,1.2629
2019-04-25,1.2529
2019-04-26,1.2477
2019-04-29,1.256
2019-04-30,1.2587
2019-05-06,1.2262
2019-05-07,1.25
2019-05-08,1.24
2019-05-09,1.2262
2019-05-10,1.2541
2019-05-13,1.258
2019-05-14,1.254
2019-05-15,1.2689
2019-05-16,1.2821
2019-05-17,1.2651
2019-05-20,1.2525
2019-05-21,1.2599
2019-05-22,1.2571
2019-05-23,1.246
2019-05-24,1.2443
2019-05-27,1.2579
2019-05-28,1.2661
2019-05-29,1.2683
2019-05-30,1.2764
2019-05-31,1.2819
2019-06-03,1.2806
2019-06-04,1.2715
2019-06-05,1.2757
2019-06-06,1.2648
2019-06-10,1.2782
2019-06-11,1.2992
2019-06-12,1.2987
2019-06-13,1.3009
2019-06-14,1.2967
2019-06-17,1.2869
2019-06-18,1.2962
2019-06-19,1.2994
2019-06-20,1.3218
2019-06-21,1.3264
2019-06-24,1.34
2019-06-25,1.3429
2019-06-26,1.3507
2019-06-27,1.3609
2019-06-28,1.3654
2019-06-30,1.3654
2019-07-01,1.3831
2019-07-02,1.3781
2019-07-03,1.3678
2019-07-04,1.3507
2019-07-05,1.3614
2019-07-08,1.3464
2019-07-09,1.3469
2019-07-10,1.3456
2019-07-11,1.3494
2019-07-12,1.353
2019-07-15,1.3553
2019-07-16,1.3457
2019-07-17,1.3445
2019-07-18,1.3365
2019-07-19,1.3499
2019-07-22,1.3392
2019-07-23,1.3445
2019-07-24,1.3532
2019-07-25,1.3576
2019-07-26,1.3665
2019-07-29,1.3665
2019-07-30,1.3649
2019-07-31,1.3573
2019-08-01,1.3502
2019-08-02,1.351
2019-08-05,1.3438
2019-08-06,1.343
2019-08-07,1.3535
2019-08-08,1.366
2019-08-09,1.3627
2019-08-12,1.372
2019-08-13,1.3732
2019-08-14,1.3703
2019-08-15,1.3742
2019-08-16,1.3865
2019-08-19,1.4013
2019-08-20,1.3954
2019-08-21,1.389
2019-08-22,1.3926
2019-08-23,1.4052
2019-08-26,1.4042
2019-08-27,1.412
2019-08-28,1.4087
2019-08-29,1.4096
2019-08-30,1.4031
2019-09-02,1.4118
2019-09-03,1.4091
2019-09-04,1.4083
2019-09-05,1.4121
2019-09-06,1.4109
2019-09-09,1.4147
2019-09-10,1.4148
2019-09-11,1.4077
2019-09-12,1.4116
2019-09-16,1.4142
2019-09-17,1.4075
2019-09-18,1.4182
2019-09-19,1.422
2019-09-20,1.4291
2019-09-23,1.4215
2019-09-24,1.4292
2019-09-25,1.4318
2019-09-26,1.4217
2019-09-27,1.4215
2019-09-30,1.4257
2019-10-08,1.4328
2019-10-09,1.4374
2019-10-10,1.4505
2019-10-11,1.4508
2019-10-14,1.4498
2019-10-15,1.4511
2019-10-16,1.457
2019-10-17,1.4636
2019-10-18,1.4634
2019-10-21,1.4564
2019-10-22,1.4649
2019-10-23,1.457
2019-10-24,1.4504
2019-10-25,1.4541
2019-10-28,1.4633
2019-10-29,1.464
2019-10-30,1.46
2019-10-31,1.4616
2019-11-01,1.4658
2019-11-04,1.4781
2019-11-05,1.4797
2019-11-06,1.475
2019-11-07,1.4784
2019-11-08,1.4769
2019-11-11,1.4613
2019-11-12,1.4654
2019-11-13,1.4804
2019-11-14,1.4837
2019-11-15,1.4795
2019-11-18,1.4865
2019-11-19,1.4999
2019-11-20,1.4965
2019-11-21,1.4914
2019-11-22,1.4711
2019-11-25,1.4612
2019-11-26,1.4621
2019-11-27,1.4582
2019-11-28,1.4597
2019-11-29,1.4509
2019-12-02,1.4502
2019-12-03,1.4527
2019-12-04,1.4575
2019-12-05,1.4662
2019-12-06,1.4727
2019-12-09,1.4686
2019-12-10,1.4753
2019-12-11,1.4755
2019-12-12,1.4775
2019-12-13,1.4906
2019-12-16,1.4868
2019-12-17,1.4855
2019-12-18,1.4792
2019-12-19,1.4765
2019-12-20,1.4721
2019-12-23,1.467
2019-12-24,1.4747
2019-12-25,1.4755
2019-12-26,1.4776
2019-12-27,1.4756
2019-12-30,1.4801
2019-12-31,1.4867
2020-01-02,1.4919
2020-01-03,1.4912
2020-01-06,1.491
2020-01-07,1.4979
2020-01-08,1.4942
2020-01-09,1.509
2020-01-10,1.5111
2020-01-13,1.5218
2020-01-14,1.4545
2020-01-15,1.4584
2020-01-16,1.4651
2020-01-17,1.4654
2020-01-20,1.4737
2020-01-21,1.4649
2020-01-22,1.4679
2020-01-23,1.4453
2020-02-03,1.4027
2020-02-04,1.4312
2020-02-05,1.4494
2020-02-06,1.4699
2020-02-07,1.4731
2020-02-10,1.4793
2020-02-11,1.4829
2020-02-12,1.4892
2020-02-13,1.4853
2020-02-14,1.4885
2020-02-17,1.5056
2020-02-18,1.5081
2020-02-19,1.5048
2020-02-20,1.5207
2020-02-21,1.5305
2020-02-24,1.5353
2020-02-25,1.5387
2020-02-26,1.5125
2020-02-27,1.5223
2020-02-28,1.4957
2020-03-02,1.5172
2020-03-03,1.5261
2020-03-04,1.5294
2020-03-05,1.5463
2020-03-06,1.5418
2020-03-09,1.5142
2020-03-10,1.5245
2020-03-11,1.5115
2020-03-12,1.4926
2020-03-13,1.4824
2020-03-16,1.4455
2020-03-17,1.4414
2020-03-18,1.4319
2020-03-19,1.4259
2020-03-20,1.4443
2020-03-23,1.4231
2020-03-24,1.4498
2020-03-25,1.4717
2020-03-26,1.477
2020-03-27,1.4769
2020-03-30,1.4695
2020-03-31,1.4827
2020-04-01,1.4773
2020-04-02,1.4853
2020-04-03,1.4892
2020-04-07,1.5117
2020-04-08,1.5157
2020-04-09,1.5346
2020-04-10,1.5191
2020-04-13,1.5206
2020-04-14,1.5362
2020-04-15,1.5388
2020-04-16,1.546
2020-04-17,1.5428
2020-04-20,1.5508
2020-04-21,1.5452
2020-04-22,1.5584
2020-04-23,1.5621
2020-04-24,1.5539
2020-04-27,1.5612
2020-04-28,1.5731
2020-04-29,1.5596
2020-04-30,1.562
2020-05-06,1.574
2020-05-07,1.575
2020-05-08,1.584
2020-05-11,1.5756
2020-05-12,1.5858
2020-05-13,1.5975
2020-05-14,1.5895
2020-05-15,1.582
2020-05-18,1.5965
2020-05-19,1.6048
2020-05-20,1.5896
2020-05-21,1.5904
2020-05-22,1.5775
2020-05-25,1.5882
2020-05-26,1.6036
2020-05-27,1.5879
2020-05-28,1.5907
2020-05-29,1.6055
2020-06-01,1.6174
2020-06-02,1.6032
2020-06-03,1.5998
2020-06-04,1.6042
2020-06-05,1.6035
2020-06-08,1.5947
2020-06-09,1.6033
2020-06-10,1.6075
2020-06-11,1.6024
2020-06-12,1.6081
2020-06-15,1.6113
2020-06-16,1.6211
2020-06-17,1.6216
2020-06-18,1.6158
2020-06-19,1.6313
2020-06-22,1.6312
2020-06-23,1.6394
2020-06-24,1.6388
2020-06-29,1.6467
2020-06-30,1.6671
2020-07-01,1.6671
2020-07-02,1.6635
2020-07-03,1.6635
2020-07-06,1.6724
2020-07-07,1.6834
2020-07-08,1.687
2020-07-09,1.7161
2020-07-10,1.7126
2020-07-13,1.7322
2020-07-14,1.7143
2020-07-15,1.7299
2020-07-16,1.6833
2020-07-17,1.7016
2020-07-20,1.7152
2020-07-21,1.727
2020-07-22,1.7361
2020-07-23,1.7365
2020-07-24,1.699
2020-07-27,1.7094
2020-07-28,1.7183
2020-07-29,1.7319
2020-07-30,1.7252
2020-07-31,1.7367
2020-08-03,1.7439
2020-08-04,1.7422
2020-08-05,1.7539
2020-08-06,1.7458
2020-08-07,1.7402
2020-08-10,1.7418
2020-08-11,1.731
2020-08-12,1.7117
2020-08-13,1.7121
2020-08-14,1.7256
2020-08-17,1.7419
2020-08-18,1.7586
2020-08-19,1.752
2020-08-20,1.7374
2020-08-21,1.7536
2020-08-24,1.7702
2020-08-25,1.7687
2020-08-26,1.7612
2020-08-27,1.7704
2020-08-28,1.7945
2020-08-31,1.7907
2020-09-01,1.7957
2020-09-02,1.7973
2020-09-03,1.7899
2020-09-04,1.7793
2020-09-07,1.7535
2020-09-08,1.7563
2020-09-09,1.7252
2020-09-10,1.7247
2020-09-11,1.7378
2020-09-14,1.7441
2020-09-15,1.7556
2020-09-16,1.7465
2020-09-17,1.7392
2020-09-18,1.7537
2020-09-21,1.7466
2020-09-22,1.7377
2020-09-23,1.7473
2020-09-24,1.7321
2020-09-25,1.7371
2020-09-28,1.7323
2020-09-29,1.7411
2020-09-30,1.7456
2020-10-09,1.7645
2020-10-12,1.7888
2020-10-13,1.7929
2020-10-14,1.7906
2020-10-15,1.7816
2020-10-16,1.7799
2020-10-19,1.7596
2020-10-20,1.7691
2020-10-21,1.7646
2020-10-22,1.7533
2020-10-23,1.7307
2020-10-26,1.74
2020-10-27,1.7474
2020-10-28,1.7556
2020-10-29,1.765
2020-10-30,1.7531
2020-11-02,1.7558
2020-11-03,1.7636
2020-11-04,1.7637
2020-11-05,1.773
2020-11-06,1.7657
2020-11-09,1.776
2020-11-10,1.7669
2020-11-11,1.756
2020-11-12,1.7623
2020-11-13,1.7583
2020-11-16,1.7668
2020-11-17,1.7584
2020-11-18,1.7532
2020-11-19,1.7605
2020-11-20,1.7721
2020-11-23,1.7677
2020-11-24,1.7659
2020-11-25,1.7491
2020-11-26,1.753
2020-11-27,1.7597
2020-11-30,1.7542
2020-12-01,1.7755
2020-12-02,1.7792
2020-12-03,1.782
2020-12-04,1.7968
2020-12-07,1.7938
2020-12-08,1.7965
2020-12-09,1.7795
2020-12-10,1.7839
2020-12-11,1.7711
2020-12-14,1.7883
2020-12-15,1.7924
2020-12-16,1.788
2020-12-17,1.7917
2020-12-18,1.7856
2020-12-21,1.7941
2020-12-22,1.777
2020-12-23,1.7811
2020-12-24,1.7816
2020-12-25,1.7902
2020-12-28,1.7891
2020-12-29,1.7888
2020-12-30,1.8075
2020-12-31,1.8208
2021-01-04,1.8341
2021-01-05,1.8575
2021-01-06,1.8644
2021-01-07,1.8765
2021-01-08,1.8794
2021-01-11,1.8694
2021-01-12,1.8993
2021-01-13,1.8919
2021-01-14,1.8703
2021-01-15,1.874
2021-01-18,1.8843
2021-01-19,1.864
2021-01-20,1.877
2021-01-21,1.8966
2021-01-22,1.9109
2021-01-25,1.9378
2021-01-26,1.906
2021-01-27,1.9051
2021-01-28,1.8743
2021-01-29,1.8821
2021-02-01,1.9022
2021-02-02,1.8105
2021-02-03,1.8055
2021-02-04,1.7902
2021-02-05,1.792
2021-02-08,1.8262
2021-02-09,1.8481
2021-02-10,1.8717
2021-02-18,1.8592
2021-02-19,1.8547
2021-02-22,1.8252
2021-02-23,1.8144
2021-02-24,1.7906
2021-02-25,1.7809
2021-02-26,1.7495
2021-03-01,1.7675
2021-03-02,1.7502
2021-03-03,1.761
2021-03-04,1.7262
2021-03-05,1.7253
2021-03-08,1.6879
2021-03-09,1.6655
2021-03-10,1.678
2021-03-11,1.689
2021-03-12,1.6886
2021-03-15,1.6665
2021-03-16,1.6755
2021-03-17,1.6877
2021-03-18,1.6994
2021-03-19,1.6817
2021-03-22,1.6881
2021-03-23,1.6776
2021-03-24,1.6641
2021-03-25,1.6723
2021-03-26,1.6946
2021-03-29,1.6971
2021-03-30,1.7141
2021-03-31,1.6957
2021-04-01,1.7101
2021-04-02,1.7139
2021-04-06,1.7095
2021-04-07,1.7051
2021-04-08,1.7145
2021-04-09,1.7066
2021-04-12,1.6846
2021-04-13,1.6843
2021-04-14,1.6976
2021-04-15,1.6942
2021-04-16,1.6974
2021-04-19,1.7111
2021-04-20,1.7085
2021-04-21,1.7154
2021-04-22,1.7194
2021-04-23,1.7305
2021-04-26,1.7218
2021-04-27,1.7273
2021-04-28,1.7322
2021-04-29,1.7409
2021-04-30,1.748
2021-05-06,1.7375
2021-05-07,1.7154
2021-05-10,1.7089
2021-05-11,1.7064
2021-05-12,1.7116
2021-05-13,1.7068
2021-05-14,1.721
2021-05-17,1.7419
2021-05-18,1.7412
2021-05-19,1.7337
2021-05-20,1.7352
2021-05-21,1.7273
2021-05-24,1.7288
2021-05-25,1.7469
2021-05-26,1.7427
2021-05-27,1.7494
2021-05-28,1.7418
2021-05-31,1.7396
2021-06-01,1.748
2021-06-02,1.7382
2021-06-03,1.7297
2021-06-04,1.7325
2021-06-07,1.739
2021-06-08,1.728
2021-06-09,1.7278
2021-06-10,1.7329
2021-06-11,1.7218
2021-06-15,1.7108
2021-06-16,1.6951
2021-06-17,1.7056
2021-06-18,1.6986
2021-06-21,1.6996
2021-06-22,1.7068
2021-06-23,1.7137
2021-06-24,1.7111
2021-06-25,1.7203
2021-06-28,1.7234
2021-06-29,1.7181
2021-06-30,1.7213
2021-07-01,1.7221
2021-07-02,1.6963
2021-07-05,1.6908
2021-07-06,1.6834
2021-07-07,1.6935
2021-07-08,1.678
2021-07-09,1.6751
2021-07-12,1.6914
2021-07-13,1.7009
2021-07-14,1.7068
2021-07-15,1.7044
2021-07-16,1.693
2021-07-19,1.6964
2021-07-20,1.6912
2021-07-21,1.6946
2021-07-22,1.694
2021-07-23,1.6764
2021-07-26,1.6583
2021-07-27,1.6336
2021-07-28,1.6379
2021-07-29,1.6468
2021-07-30,1.6382
2021-08-02,1.6545
2021-08-03,1.6557
2021-08-04,1.6563
2021-08-05,1.6515
2021-08-06,1.6473
2021-08-09,1.6653
2021-08-10,1.6745
2021-08-11,1.6679
2021-08-12,1.6656
2021-08-13,1.6587
2021-08-16,1.6663
2021-08-17,1.6448
2021-08-18,1.6451
2021-08-19,1.6404
2021-08-20,1.6181
2021-08-23,1.6277
2021-08-24,1.6385
2021-08-25,1.6435
2021-08-26,1.6242
2021-08-27,1.6192
2021-08-30,1.6185
2021-08-31,1.6149
2021-09-01,1.6178
2021-09-02,1.6137
2021-09-03,1.6206
2021-09-06,1.6422
2021-09-07,1.6402
2021-09-08,1.6401
2021-09-09,1.6316
2021-09-10,1.6361
2021-09-13,1.6343
2021-09-14,1.6229
2021-09-15,1.6082
2021-09-16,1.5969
2021-09-17,1.6037
2021-09-22,1.5973
2021-09-23,1.6007
2021-09-24,1.6053
2021-09-27,1.6239
2021-09-28,1.6209
2021-09-29,1.6119
2021-09-30,1.6191
2021-10-08,1.6346
2021-10-11,1.6376
2021-10-12,1.6293
2021-10-13,1.6431
2021-10-14,1.6456
2021-10-15,1.6463
2021-10-18,1.6323
2021-10-19,1.6415
2021-10-20,1.6293
2021-10-21,1.6297
2021-10-22,1.6381
2021-10-25,1.6314
2021-10-26,1.6358
2021-10-27,1.6207
2021-10-28,1.6217
2021-10-29,1.6348
2021-11-01,1.6335
2021-11-02,1.6371
2021-11-03,1.6321
2021-11-04,1.644
2021-11-05,1.6419
2021-11-08,1.6382
2021-11-09,1.6406
2021-11-10,1.6379
2021-11-11,1.6404
2021-11-12,1.6417
2021-11-15,1.6515
2021-11-16,1.6555
2021-11-17,1.6522
2021-11-18,1.6416
2021-11-19,1.6493
2021-11-22,1.6524
2021-11-23,1.6515
2021-11-24,1.6556
2021-11-25,1.6561
2021-11-26,1.647
2021-11-29,1.6425
2021-11-30,1.6347
2021-12-01,1.6303
2021-12-02,1.6269
2021-12-03,1.6373
2021-12-06,1.6319
2021-12-07,1.64
2021-12-08,1.6522
2021-12-09,1.6791
2021-12-10,1.6789
2021-12-13,1.6821
2021-12-14,1.6757
2021-12-15,1.6626
2021-12-16,1.6657
2021-12-17,1.6584
2021-12-20,1.6491
2021-12-21,1.6549
2021-12-22,1.6557
2021-12-23,1.6608
2021-12-24,1.6619
2021-12-27,1.6606
2021-12-28,1.6721
2021-12-29,1.6591
2021-12-30,1.6682
2021-12-31,1.6771
2022-01-04,1.673
2022-01-05,1.662
2022-01-06,1.6547
2022-01-07,1.6515
2022-01-10,1.6584
2022-01-11,1.6495
2022-01-12,1.6581
2022-01-13,1.64
2022-01-14,1.6334
2022-01-17,1.6371
2022-01-18,1.6389
2022-01-19,1.6383
2022-01-20,1.642
2022-01-21,1.6297
2022-01-24,1.6304
2022-01-25,1.6138
2022-01-26,1.6141
2022-01-27,1.597
2022-01-28,1.5927
2022-02-07,1.5952
2022-02-08,1.5922
2022-02-09,1.6038
2022-02-10,1.6027
2022-02-11,1.5854
2022-02-14,1.5809
2022-02-15,1.5879
2022-02-16,1.5898
2022-02-17,1.5893
2022-02-18,1.5879
2022-02-21,1.5909
2022-02-22,1.5797
2022-02-23,1.5883
2022-02-24,1.5742
2022-02-25,1.5818
2022-02-28,1.5854
2022-03-01,1.5825
2022-03-02,1.5809
2022-03-03,1.5756
2022-03-04,1.5703
2022-03-07,1.5533
2022-03-08,1.5348
2022-03-09,1.53
2022-03-10,1.5411
2022-03-11,1.5407
2022-03-14,1.5138
2022-03-15,1.4834
2022-03-16,1.4956
2022-03-17,1.5193
2022-03-18,1.5197
2022-03-21,1.5225
2022-03-22,1.5265
2022-03-23,1.5309
2022-03-24,1.5305
2022-03-25,1.5214
2022-03-28,1.5158
2022-03-29,1.5082
2022-03-30,1.5223
2022-03-31,1.5157
2022-04-01,1.5203
2022-04-06,1.5198
2022-04-07,1.5104
2022-04-08,1.5075
2022-04-11,1.4904
2022-04-12,1.5019
2022-04-13,1.4977
2022-04-14,1.5106
2022-04-15,1.5054
2022-04-18,1.5118
2022-04-19,1.5051
2022-04-20,1.4989
2022-04-21,1.4827
2022-04-22,1.4846
2022-04-25,1.4535
2022-04-26,1.4425
2022-04-27,1.4658
2022-04-28,1.4652
2022-04-29,1.4931
2022-05-05,1.4939
2022-05-06,1.4803
2022-05-09,1.479
2022-05-10,1.4817
2022-05-11,1.4886
2022-05-12,1.4907
2022-05-13,1.49
2022-05-16,1.4899
2022-05-17,1.497
2022-05-18,1.4956
2022-05-19,1.496
2022-05-20,1.5025
2022-05-23,1.4983
2022-05-24,1.4805
2022-05-25,1.4854
2022-05-26,1.4916
2022-05-27,1.4961
2022-05-30,1.5048
2022-05-31,1.5179
2022-06-01,1.5167
2022-06-02,1.5203
2022-06-06,1.5332
2022-06-07,1.5324
2022-06-08,1.5316
2022-06-09,1.5191
2022-06-10,1.5261
2022-06-13,1.5249
2022-06-14,1.5235
2022-06-15,1.527
2022-06-16,1.5341
2022-06-17,1.539
2022-06-20,1.5487
2022-06-21,1.5535
2022-06-22,1.5352
2022-06-23,1.5419
2022-06-24,1.5489
2022-06-27,1.5584
2022-06-28,1.5554
2022-06-29,1.5523
2022-06-30,1.5656
2022-07-01,1.554
2022-07-04,1.5601
2022-07-05,1.5481
2022-07-06,1.5413
2022-07-07,1.5372
2022-07-08,1.5399
2022-07-11,1.5271
2022-07-12,1.5182
2022-07-13,1.5146
2022-07-14,1.5147
2022-07-15,1.5087
2022-07-18,1.5117
2022-07-19,1.512
2022-07-20,1.5192
2022-07-21,1.5169
2022-07-22,1.509
2022-07-25,1.5105
2022-07-26,1.5147
2022-07-27,1.5176
2022-07-28,1.5161
2022-07-29,1.5053
2022-08-01,1.5115
2022-08-02,1.5006
2022-08-03,1.4956
2022-08-04,1.4963
2022-08-05,1.5095
2022-08-08,1.5072
2022-08-09,1.5053
2022-08-10,1.5026
2022-08-11,1.5151
2022-08-12,1.5171
2022-08-15,1.5064
2022-08-16,1.5058
2022-08-17,1.5089
2022-08-18,1.5037
2022-08-19,1.5053
2022-08-22,1.5138
2022-08-23,1.5072
2022-08-24,1.492
2022-08-25,1.5039
2022-08-26,1.5073
2022-08-29,1.5057
2022-08-30,1.5014
2022-08-31,1.5072
2022-09-01,1.5023
2022-09-02,1.5015
2022-09-05,1.4924
2022-09-06,1.497
2022-09-07,1.4934
2022-09-08,1.4924
2022-09-09,1.5021
2022-09-13,1.5049
2022-09-14,1.4956
2022-09-15,1.4905
2022-09-16,1.4762
2022-09-19,1.4746
2022-09-20,1.476
2022-09-21,1.4677
2022-09-22,1.4598
2022-09-23,1.4548
2022-09-26,1.4555
2022-09-27,1.4729
2022-09-28,1.4637
2022-09-29,1.4685
2022-09-30,1.4647
2022-10-10,1.4536
2022-10-11,1.4506
2022-10-12,1.4605
2022-10-13,1.4611
2022-10-14,1.4758
2022-10-17,1.4754
2022-10-18,1.4836
2022-10-19,1.4705
2022-10-20,1.4663
2022-10-21,1.4587
2022-10-24,1.4432
2022-10-25,1.4394
2022-10-26,1.4499
2022-10-27,1.4508
2022-10-28,1.4354
2022-10-31,1.4358
2022-11-01,1.4598
2022-11-02,1.4711
2022-11-03,1.4686
2022-11-04,1.4841
2022-11-07,1.4831
2022-11-08,1.4802
2022-11-09,1.4827
2022-11-10,1.4769
2022-11-11,1.4943
2022-11-14,1.4935
2022-11-15,1.5042
2022-11-16,1.5028
2022-11-17,1.4996
2022-11-18,1.5004
2022-11-21,1.4976
2022-11-22,1.4912
2022-11-23,1.4871
2022-11-24,1.4844
2022-11-25,1.4817
2022-11-28,1.483
2022-11-29,1.4969
2022-11-30,1.4923
2022-12-01,1.5037
2022-12-02,1.5023
2022-12-05,1.5123
2022-12-06,1.5155
2022-12-07,1.5129
2022-12-08,1.5105
2022-12-09,1.5154
2022-12-12,1.512
2022-12-13,1.511
2022-12-14,1.5151
2022-12-15,1.5139
2022-12-16,1.5137
2022-12-19,1.5069
2022-12-20,1.4962
2022-12-21,1.4961
2022-12-22,1.5069
2022-12-23,1.5074
2022-12-26,1.5111
2022-12-27,1.5206
2022-12-28,1.5168
2022-12-29,1.5176
2022-12-30,1.5187
2022-12-31,1.5188
2023-01-03,1.521
2023-01-04,1.5236
2023-01-05,1.5336
2023-01-06,1.5345
2023-01-09,1.5392
2023-01-10,1.5448
2023-01-11,1.5457
2023-01-12,1.5464
2023-01-13,1.5606
2023-01-16,1.5701
2023-01-17,1.5742
2023-01-18,1.5659
2023-01-19,1.5648
2023-01-20,1.5654
2023-01-30,1.5714
2023-01-31,1.5658
2023-02-01,1.5677
2023-02-02,1.5705
2023-02-03,1.5655
2023-02-06,1.5554
2023-02-07,1.5551
2023-02-08,1.5527
2023-02-09,1.5658
2023-02-10,1.5656
2023-02-13,1.577
2023-02-14,1.5791
2023-02-15,1.5752
2023-02-16,1.5664
2023-02-17,1.5615
2023-02-20,1.5735
2023-02-21,1.5748
2023-02-22,1.5751
2023-02-23,1.5703
2023-02-24,1.5681
2023-02-27,1.5679
2023-02-28,1.5735
2023-03-01,1.575
2023-03-02,1.5696
2023-03-03,1.5655
2023-03-06,1.5661
2023-03-07,1.5548
2023-03-08,1.5549
2023-03-09,1.5535
2023-03-10,1.5499
2023-03-13,1.5583
2023-03-14,1.5537
2023-03-15,1.5499
2023-03-16,1.5473
2023-03-17,1.5433
2023-03-20,1.539
2023-03-21,1.5497
2023-03-22,1.5462
2023-03-23,1.5471
2023-03-24,1.5423
2023-03-27,1.5371
2023-03-28,1.5414
2023-03-29,1.5481
2023-03-30,1.5547
2023-03-31,1.552
2023-04-03,1.5562
2023-04-04,1.5574
2023-04-06,1.555
2023-04-07,1.5659
2023-04-10,1.56
2023-04-11,1.5595
2023-04-12,1.5565
2023-04-13,1.5504
2023-04-14,1.5497
2023-04-17,1.5526
2023-04-18,1.5564
2023-04-19,1.549
2023-04-20,1.5414
2023-04-21,1.5306
2023-04-24,1.524
2023-04-25,1.5202
2023-04-26,1.5218
2023-04-27,1.5311
2023-04-28,1.5329
2023-05-04,1.5298
2023-05-05,1.524
2023-05-08,1.5165
2023-05-09,1.5056
2023-05-10,1.5097
2023-05-11,1.5082
2023-05-12,1.5048
2023-05-15,1.5131
2023-05-16,1.5145
2023-05-17,1.5107
2023-05-18,1.5109
2023-05-19,1.5196
2023-05-22,1.5245
2023-05-23,1.5215
2023-05-24,1.5121
2023-05-25,1.5081
2023-05-26,1.5127
2023-05-29,1.5062
2023-05-30,1.5006
2023-05-31,1.4935
2023-06-01,1.4932
2023-06-02,1.5015
2023-06-05,1.5006
2023-06-06,1.496
2023-06-07,1.4887
2023-06-08,1.4865
2023-06-09,1.4892
2023-06-12,1.5023
2023-06-13,1.5079
2023-06-14,1.515
2023-06-15,1.5192
2023-06-16,1.5178
2023-06-19,1.5115
2023-06-20,1.5091
2023-06-21,1.4981
2023-06-26,1.4961
2023-06-27,1.5072
2023-06-28,1.5063
2023-06-29,1.5022
2023-06-30,1.5078
2023-07-03,1.5082
2023-07-04,1.5144
2023-07-05,1.5092
2023-07-06,1.5067
2023-07-07,1.5052
2023-07-10,1.5042
2023-07-11,1.5098
2023-07-12,1.5087
2023-07-13,1.5159
2023-07-14,1.5128
2023-07-17,1.516
2023-07-18,1.5198
2023-07-19,1.5249
2023-07-20,1.5196
2023-07-21,1.5202
2023-07-24,1.5251
2023-07-25,1.5361
2023-07-26,1.5352
2023-07-27,1.5358
2023-07-28,1.548
2023-07-31,1.5523
2023-08-01,1.5494
2023-08-02,1.546
2023-08-03,1.5494
2023-08-04,1.5485
2023-08-07,1.5435
2023-08-08,1.543
2023-08-09,1.5418
2023-08-10,1.5414
2023-08-11,1.5314
2023-08-14,1.5286
2023-08-15,1.5234
2023-08-16,1.5196
2023-08-17,1.531
2023-08-18,1.5235
2023-08-21,1.5185
2023-08-22,1.516
2023-08-23,1.5068
2023-08-24,1.5176
2023-08-25,1.5137
2023-08-28,1.517
2023-08-29,1.531
2023-08-30,1.5436
2023-08-31,1.5419
2023-09-01,1.5447
2023-09-04,1.5487
2023-09-05,1.5409
2023-09-06,1.5376
2023-09-07,1.5271
2023-09-08,1.5244
2023-09-11,1.5338
2023-09-12,1.5338
2023-09-13,1.5329
2023-09-14,1.5252
2023-09-15,1.523
2023-09-18,1.5262
2023-09-19,1.5218
2023-09-20,1.5198
2023-09-21,1.5138
2023-09-22,1.5166
2023-09-25,1.5133
2023-09-26,1.5066
2023-09-27,1.5114
2023-09-28,1.5156
2023-10-09,1.5165
2023-10-10,1.5113
2023-10-11,1.5147
2023-10-12,1.5159
2023-10-13,1.5089
2023-10-16,1.5056
2023-10-17,1.5054
2023-10-18,1.4991
2023-10-19,1.4843
2023-10-20,1.478
2023-10-23,1.47
2023-10-24,1.4774
2023-10-25,1.477
2023-10-26,1.4728
2023-10-27,1.4897
2023-10-30,1.4922
2023-10-31,1.4889
2023-11-01,1.4855
2023-11-02,1.4819
2023-11-03,1.4891
2023-11-06,1.4954
2023-11-07,1.4892
2023-11-08,1.4905
2023-11-09,1.4879
2023-11-10,1.4879
2023-11-13,1.4831
2023-11-14,1.4829
2023-11-15,1.4912
2023-11-16,1.4862
2023-11-17,1.4893
2023-11-20,1.4886
2023-11-21,1.4891
2023-11-22,1.4845
2023-11-23,1.4936
2023-11-24,1.4874
2023-11-27,1.4858
2023-11-28,1.4902
2023-11-29,1.4902
2023-11-30,1.4899
2023-12-01,1.483
2023-12-04,1.4769
2023-12-05,1.4642
2023-12-06,1.4606
2023-12-07,1.4608
2023-12-08,1.4579
2023-12-11,1.4639
2023-12-12,1.4693
2023-12-13,1.4623
2023-12-14,1.4614
2023-12-15,1.4574
2023-12-18,1.4547
2023-12-19,1.4528
2023-12-20,1.443
2023-12-21,1.448
2023-12-22,1.4445
2023-12-25,1.4488
2023-12-26,1.4426
2023-12-27,1.4475
2023-12-28,1.4535
2023-12-29,1.4639
2023-12-31,1.4639
2024-01-02,1.4587
2024-01-03,1.4529
2024-01-04,1.4497
2024-01-05,1.4447
2024-01-08,1.4306
2024-01-09,1.4317
2024-01-10,1.4306
2024-01-11,1.4313
2024-01-12,1.4327
2024-01-15,1.4322
2024-01-16,1.4332
2024-01-17,1.4184
2024-01-18,1.4203
2024-01-19,1.4207
2024-01-22,1.4002
2024-01-23,1.4044
2024-01-24,1.4135
2024-01-25,1.4234
2024-01-26,1.4148
2024-01-29,1.414
2024-01-30,1.4013
2024-01-31,1.392
2024-02-01,1.3946
2024-02-02,1.387
2024-02-05,1.3943
2024-02-06,1.4236
2024-02-07,1.4447
2024-02-08,1.443
2024-02-19,1.4443
2024-02-20,1.4472
2024-02-21,1.4518
2024-02-22,1.4499
2024-02-23,1.4488
2024-02-26,1.4489
2024-02-27,1.4554
2024-02-28,1.4416
2024-02-29,1.4577
2024-03-01,1.4584
2024-03-04,1.4612
2024-03-05,1.4598
2024-03-06,1.4575
2024-03-07,1.4533
2024-03-08,1.4562
2024-03-11,1.4618
2024-03-12,1.468
2024-03-13,1.4666
2024-03-14,1.4662
2024-03-15,1.4711
2024-03-18,1.4725
2024-03-19,1.466
2024-03-20,1.4622
2024-03-21,1.4577
2024-03-22,1.448
2024-03-25,1.4488
2024-03-26,1.4505
2024-03-27,1.4439
2024-03-28,1.4508
2024-03-29,1.4544
2024-04-01,1.4675
2024-04-02,1.4657
2024-04-03,1.4686
2024-04-08,1.4581
2024-04-09,1.4584
2024-04-10,1.4535
2024-04-11,1.4519
2024-04-12,1.449
2024-04-15,1.4586
2024-04-16,1.4533
2024-04-17,1.4631
2024-04-18,1.4703
2024-04-19,1.4649
2024-04-22,1.4691
2024-04-23,1.4639
2024-04-24,1.4688
2024-04-25,1.4693
2024-04-26,1.4791
2024-04-29,1.4877
2024-04-30,1.4914
2024-05-06,1.505
2024-05-07,1.5077
2024-05-08,1.4998
2024-05-09,1.5068
2024-05-10,1.5074
2024-05-13,1.5078
2024-05-14,1.5108
2024-05-15,1.509
2024-05-16,1.504
2024-05-17,1.5088
2024-05-20,1.5081
2024-05-21,1.5011
2024-05-22,1.4983
2024-05-23,1.4915
2024-05-24,1.4868
2024-05-27,1.4934
2024-05-28,1.4864
2024-05-29,1.4857
2024-05-30,1.4803
2024-05-31,1.48
2024-06-03,1.479
2024-06-04,1.487
2024-06-05,1.4843
2024-06-06,1.4857
2024-06-07,1.4821
2024-06-11,1.4769
2024-06-12,1.4789
2024-06-13,1.4709
2024-06-14,1.4731
2024-06-17,1.4719
2024-06-18,1.4742
2024-06-19,1.4668
2024-06-20,1.4607
2024-06-21,1.4597
2024-06-24,1.451
2024-06-25,1.4499
2024-06-26,1.4536
2024-06-27,1.4412
2024-06-28,1.4445
2024-06-30,1.4444
2024-07-01,1.45
2024-07-02,1.4449
2024-07-03,1.4394
2024-07-04,1.4424
2024-07-05,1.4521
2024-07-08,1.4428
2024-07-09,1.4506
2024-07-10,1.4495
2024-07-11,1.4571
2024-07-12,1.4563
2024-07-15,1.4599
2024-07-16,1.4585
2024-07-17,1.455
2024-07-18,1.458
2024-07-19,1.4554
2024-07-22,1.4531
2024-07-23,1.4295
2024-07-24,1.4202
2024-07-25,1.412
2024-07-26,1.424
2024-07-29,1.4179
2024-07-30,1.4122
2024-07-31,1.4353
2024-08-01,1.4302
2024-08-02,1.4256
2024-08-05,1.4208
2024-08-06,1.4218
2024-08-07,1.4227
2024-08-08,1.4257
2024-08-09,1.4214
2024-08-12,1.4237
2024-08-13,1.4252
2024-08-14,1.421
2024-08-15,1.4207
2024-08-16,1.4203
2024-08-19,1.4243
2024-08-20,1.4194
2024-08-21,1.4194
2024-08-22,1.4188
2024-08-23,1.4214
2024-08-26,1.42
2024-08-27,1.4141
2024-08-28,1.4088
2024-08-29,1.412
2024-08-30,1.4156
2024-09-02,1.4076
2024-09-03,1.4125
2024-09-04,1.4103
2024-09-05,1.413
2024-09-06,1.4084
2024-09-09,1.3964
2024-09-10,1.393
2024-09-11,1.3962
2024-09-12,1.3901
2024-09-13,1.3894
2024-09-18,1.3973
2024-09-19,1.4042
2024-09-20,1.4075
2024-09-23,1.4093
2024-09-24,1.4279
2024-09-25,1.4333
2024-09-26,1.4592
2024-09-27,1.4782
2024-09-30,1.5215
2024-10-08,1.5374
2024-10-09,1.4954
2024-10-10,1.5047
2024-10-11,1.4901
2024-10-14,1.5046
2024-10-15,1.4834
2024-10-16,1.4856
2024-10-17,1.4774
2024-10-18,1.4954
2024-10-21,1.4995
2024-10-22,1.5067
2024-10-23,1.5068
2024-10-24,1.5001
2024-10-25,1.5001
2024-10-28,1.4976
2024-10-29,1.491
2024-10-30,1.485
2024-10-31,1.4767
2024-11-01,1.4793
2024-11-04,1.4887
2024-11-05,1.4958
2024-11-06,1.4873
2024-11-07,1.4918
2024-11-08,1.4877
2024-11-11,1.4861
2024-11-12,1.4814
2024-11-13,1.4837
2024-11-14,1.4735
2024-11-15,1.4659
2024-11-18,1.4602
2024-11-19,1.472
2024-11-20,1.4715
2024-11-21,1.4775
2024-11-22,1.4576
2024-11-25,1.4575
2024-11-26,1.4539
2024-11-27,1.4623
2024-11-28,1.4533
2024-11-29,1.4618
2024-12-02,1.4617
2024-12-03,1.4625
2024-12-04,1.4614
2024-12-05,1.4584
2024-12-06,1.4633
2024-12-09,1.4633
2024-12-10,1.4693
2024-12-11,1.475
2024-12-12,1.4827
2024-12-13,1.4723
2024-12-16,1.4644
2024-12-17,1.4673
2024-12-18,1.4694
2024-12-19,1.4699
2024-12-20,1.4679
2024-12-23,1.4693
2024-12-24,1.4783
2024-12-25,1.4752
2024-12-26,1.4768
2024-12-27,1.4711
2024-12-30,1.4723
2024-12-31,1.4654
2025-01-02,1.4576
2025-01-03,1.4554
2025-01-06,1.4532
2025-01-07,1.4604
2025-01-08,1.4653
2025-01-09,1.4624
2025-01-10,1.4561
2025-01-13,1.4552
2025-01-14,1.4646
2025-01-15,1.457
2025-01-16,1.4629
2025-01-17,1.4733
2025-01-20,1.4742
2025-01-21,1.4744
2025-01-22,1.4706
2025-01-23,1.4668
2025-01-24,1.4724
2025-01-27,1.4769
2025-02-05,1.4729
2025-02-06,1.4763
2025-02-07,1.4855
2025-02-10,1.4824
2025-02-11,1.4882
2025-02-12,1.4831
2025-02-13,1.4801
2025-02-14,1.4806
2025-02-17,1.4683
2025-02-18,1.4654
2025-02-19,1.4689
2025-02-20,1.4691
2025-02-21,1.464
2025-02-24,1.4617
2025-02-25,1.4532
2025-02-26,1.4576
2025-02-27,1.4629
2025-02-28,1.4557
2025-03-03,1.456
2025-03-04,1.4599
2025-03-05,1.4629
2025-03-06,1.4665
2025-03-07,1.4701
2025-03-10,1.475
2025-03-11,1.4761
2025-03-12,1.4772
2025-03-13,1.4774
2025-03-14,1.4937
2025-03-17,1.4921
2025-03-18,1.4994
2025-03-19,1.5033
2025-03-20,1.5017
2025-03-21,1.4939
2025-03-24,1.5001
2025-03-25,1.5058
2025-03-26,1.5012
2025-03-27,1.5017
2025-03-28,1.5028
2025-03-31,1.5005
2025-04-01,1.4993
2025-04-02,1.495
2025-04-03,1.4813
2025-04-07,1.417
2025-04-08,1.4305
2025-04-09,1.4305
2025-04-10,1.4534
2025-04-11,1.4615
2025-04-14,1.4656
2025-04-15,1.4676
2025-04-16,1.4645
2025-04-17,1.4615
2025-04-18,1.4615
2025-04-21,1.4765
2025-04-22,1.4772
2025-04-23,1.474
2025-04-24,1.4739
2025-04-25,1.4732
2025-04-28,1.4729
2025-04-29,1.4749
2025-04-30,1.4753
2025-05-06,1.4847
2025-05-07,1.491
2025-05-08,1.488
2025-05-09,1.4912
2025-05-12,1.4972
2025-05-13,1.4983
2025-05-14,1.5
2025-05-15,1.4979
2025-05-16,1.4991
2025-05-19,1.4982
2025-05-20,1.5054
2025-05-21,1.5168
2025-05-22,1.5163
2025-05-23,1.5156
2025-05-26,1.5132
2025-05-27,1.504
2025-05-28,1.5078
2025-05-29,1.5095
2025-05-30,1.5049
2025-06-03,1.5038
2025-06-04,1.5046
2025-06-05,1.5015
2025-06-06,1.5036
2025-06-09,1.5008
2025-06-10,1.5016
2025-06-11,1.5069
2025-06-12,1.5155
2025-06-13,1.5099
2025-06-16,1.5011
2025-06-17,1.4996
2025-06-18,1.5002
2025-06-19,1.4934
2025-06-20,1.4922
2025-06-23,1.4859
2025-06-24,1.493
2025-06-25,1.4998
2025-06-26,1.4969
2025-06-27,1.4991
2025-06-30,1.5014
2025-07-01,1.5096
2025-07-02,1.5101
2025-07-03,1.5151
2025-07-04,1.5121
2025-07-07,1.5069
2025-07-08,1.5077
2025-07-09,1.4991
2025-07-10,1.4982
2025-07-11,1.4995
2025-07-14,1.5066
2025-07-15,1.5064
2025-07-16,1.5072
2025-07-17,1.5126
2025-07-18,1.5166
2025-07-21,1.5214
2025-07-22,1.5339
2025-07-23,1.5312
2025-07-24,1.5292
2025-07-25,1.5269
2025-07-28,1.5204
2025-07-29,1.5157
2025-07-30,1.5198
2025-07-31,1.5009
2025-08-01,1.5048
2025-08-04,1.5141
2025-08-05,1.5201
2025-08-06,1.5262
2025-08-07,1.5252
2025-08-08,1.5304
2025-08-11,1.5285
2025-08-12,1.5325
2025-08-13,1.5391
2025-08-14,1.5357
2025-08-15,1.5397
2025-08-18,1.5373
2025-08-19,1.5352
2025-08-20,1.5444
2025-08-21,1.5499
2025-08-22,1.5512
2025-08-25,1.5675
2025-08-26,1.5763
2025-08-27,1.5623
2025-08-28,1.5645
2025-08-29,1.5754
2025-09-01,1.5927
2025-09-02,1.5874
2025-09-03,1.5881
2025-09-04,1.5738
2025-09-05,1.5954
2025-09-08,1.6037
2025-09-09,1.6105
2025-09-10,1.6026
2025-09-11,1.6138
2025-09-12,1.6056
2025-09-15,1.6006
2025-09-16,1.5991
2025-09-17,1.5994
2025-09-18,1.5832
2025-09-19,1.588
2025-09-22,1.5951
2025-09-23,1.5961
2025-09-24,1.6087
2025-09-25,1.6162
2025-09-26,1.6139
2025-09-29,1.6279
2025-09-30,1.6373
2025-10-09,1.6716
2025-10-10,1.6574
2025-10-13,1.6564
2025-10-14,1.632
2025-10-15,1.6487
2025-10-16,1.6445
2025-10-17,1.6247
2025-10-20,1.6233
2025-10-21,1.634
2025-10-22,1.6272
2025-10-23,1.6299
2025-10-24,1.6387
2025-10-27,1.6506
2025-10-28,1.6391
2025-10-29,1.6533
2025-10-30,1.6462
2025-10-31,1.6398
2025-11-03,1.633
2025-11-04,1.6153
2025-11-05,1.6252
2025-11-06,1.6458
2025-11-07,1.6429
2025-11-10,1.6486
2025-11-11,1.6406
2025-11-12,1.6435
2025-11-13,1.6598
2025-11-14,1.6424
2025-11-17,1.6314
2025-11-18,1.62
2025-11-19,1.6278
2025-11-20,1.6197
2025-11-21,1.5967
2025-11-24,1.5955
2025-11-25,1.6051
2025-11-26,1.6079
2025-11-27,1.6093
2025-11-28,1.6137
2025-12-01,1.6265
2025-12-02,1.6223
2025-12-03,1.6268
2025-12-04,1.6315
2025-12-05,1.6422
2025-12-08,1.6415
2025-12-09,1.626
2025-12-10,1.6315
2025-12-11,1.6264
2025-12-12,1.6393
2025-12-15,1.6393
2025-12-16,1.6216
2025-12-17,1.6431
2025-12-18,1.6385
2025-12-19,1.6397
2025-12-22,1.6543
2025-12-23,1.6567
2025-12-24,1.659
2025-12-25,1.6575
2025-12-26,1.6668
2025-12-29,1.6573
2025-12-30,1.6652
2025-12-31,1.6676
2026-01-05,1.6862
2026-01-06,1.7064
2026-01-07,1.7007
2026-01-08,1.6947
2026-01-09,1.7089
2026-01-12,1.7115
2026-01-13,1.7088
2026-01-14,1.7115
2026-01-15,1.716
2026-01-16,1.7119
2026-01-19,1.7299
2026-01-20,1.7402
2026-01-21,1.7538
2026-01-22,1.7502
2026-01-23,1.7534
2026-01-26,1.7736
2026-01-27,1.7798
2026-01-28,1.8057
2026-01-29,1.8152
2026-01-30,1.7821
2026-02-02,1.7266
2026-02-03,1.7583
2026-02-04,1.7664
2026-02-05,1.7464
2026-02-06,1.7375
2026-02-09,1.7571
2026-02-10,1.7611
2026-02-11,1.7684
2026-02-12,1.7775
2026-02-13,1.7537
2026-02-24,1.7724
2026-02-25,1.7794
2026-02-26,1.7788
2026-02-27,1.7792
2026-03-02,1.7923
2026-03-03,1.7558
2026-03-04,1.7363
2026-03-05,1.7431
2026-03-06,1.7545
2026-03-09,1.734
2026-03-10,1.7485
2026-03-11,1.7442
2026-03-12,1.7347
2026-03-13,1.7237
2026-03-16,1.7106
2026-03-17,1.7043
2026-03-18,1.7133
2026-03-19,1.6732
2026-03-20,1.6673
2026-03-23,1.6284
2026-03-24,1.6486
2026-03-25,1.6735
2026-03-26,1.6576
2026-03-27,1.6687
2026-03-30,1.6675
2026-03-31,1.6569
2026-04-01,1.6846
2026-04-02,1.6657
2026-04-03,1.6568
2026-04-07,1.6574
2026-04-08,1.7007
2026-04-09,1.6944
2026-04-10,1.7001
2026-04-13,1.6883
2026-04-14,1.7041
2026-04-15,1.7106
2026-04-16,1.7218
2026-04-17,1.7188
2026-04-20,1.7236
2026-04-21,1.7221
2026-04-22,1.7315
2026-04-23,1.7197
2026-04-24,1.7195
2026-04-27,1.7081
2026-04-28,1.6985
2026-04-29,1.7118
2026-04-30,1.7176
2026-05-06,1.7361
2026-05-07,1.7383
2026-05-08,1.7322
2026-05-11,1.7378
2026-05-12,1.7401
2026-05-13,1.7462
2026-05-14,1.7234
2026-05-15,1.708
2026-05-18,1.6983
2026-05-19,1.7086
2026-05-20,1.7132
2026-05-21,1.6953
2026-05-22,1.7073
2026-05-25,1.7193
2026-05-26,1.7228
2026-05-27,1.7058
2026-05-28,1.7026
2026-05-29,1.6858
2026-06-01,1.6799
2026-06-02,1.6948
2026-06-03,1.6919
2026-06-04,1.6855
2026-06-05,1.6643
2026-06-08,1.6341
2026-06-09,1.6505
2026-06-10,1.6395
2026-06-11,1.6329
2026-06-12,1.6433
2026-06-15,1.6778
2026-06-16,1.6722
2026-06-17,1.6818
2026-06-18,1.689
2026-06-22,1.6982
2026-06-23,1.6665
2026-06-24,1.6755
2026-06-25,1.6843
2026-06-26,1.6583
2026-06-29,1.6799
2026-06-30,1.6838
2026-07-01,1.6742
2026-07-02,1.6477
2026-07-03,1.6606
2026-07-06,1.6722
2026-07-07,1.6562
2026-07-08,1.6474
2026-07-09,1.6725
2026-07-10,1.6431
2026-07-13,1.6258
2026-07-14,1.6477
2026-07-15,1.6372
2026-07-16,1.6209
2026-07-17,1.5847
2026-07-20,1.5965
2026-07-21,1.6372
2026-07-22,1.6377
2026-07-23,1.644
2026-07-24,1.6219
2026-07-27,1.6395
2026-07-28,1.6098
2026-07-29,1.6225
2026-07-30,1.6039
2026-07-31,1.6181
2026-08-03,1.6033
2026-08-04,1.6168
2026-08-05,1.6408
2026-08-06,1.6428
2026-08-07,1.6494
2026-08-10,1.6532
2026-08-11,1.6347
2026-08-12,1.6399
2026-08-13,1.6272
2026-08-14,1.625
2026-08-17,1.65
2026-08-18,1.65
2026-08-19,1.6174
2026-08-20,1.6285
2026-08-21,1.6374
2026-08-24,1.6174
2026-08-25,1.6134
2026-08-26,1.6241
2026-08-27,1.6379
2026-08-28,1.6378
2026-08-31,1.648
2026-09-01,1.6435
2026-09-02,1.6276
2026-09-03,1.6348
2026-09-04,1.6288
2026-09-07,1.6269
2026-09-08,1.6266
2026-09-09,1.6288
2026-09-10,1.6145
2026-09-11,1.5961
2026-09-14,1.5899
2026-09-15,1.5864
2026-09-16,1.5899
2026-09-17,1.5842
2026-09-18,1.5996
2026-09-21,1.5993
2026-09-22,1.5975
2026-09-23,1.5951
2026-09-24,1.5756
2026-09-28,1.5523
2026-09-29,1.5516
2026-09-30,1.547
2026-10-08,1.5296
